 7.1983
 6.3299
 4.9679
 3.3095
 11.137 
 4.1020
 3.2687
 3.2450
 3.3273   2 | Cost: 3.244977e+00
 3.2244
 3.1807   3 | Cost: 3.224378e+00
 3.0837
 2.8072
 2.6869
 2.3436   4 | Cost: 2.686876e+00
 2.0801   5 | Cost: 2.343569e+00
 1.8177   6 | Cost: 2.080119e+00
 1.4995   7 | Cost: 1.817672e+00
 1.7195   8 | Cost: 1.499494e+00
 1.4097
 1.3361   9 | Cost: 1.409661e+00
 1.1860  10 | Cost: 1.336100e+00
 1.1220  11 | Cost: 1.186048e+00
 1.7657  12 | Cost: 1.122014e+00
 1.1069
 1.0855  13 | Cost: 1.106931e+00
 1.0722
 1.0621  14 | Cost: 1.072179e+00
 1.0522
 1.0185  15 | Cost: 1.052205e+00
 0.98787
 0.90171 16 | Cost: 9.878705e-01
 0.95301 17 | Cost: 9.017117e-01
 0.88064
 0.86448 18 | Cost: 8.806387e-01
 0.84207 19 | Cost: 8.644793e-01
 0.81069 20 | Cost: 8.420665e-01
 0.79935
 0.79484 21 | Cost: 7.993477e-01
 0.77651
 0.74826 22 | Cost: 7.765075e-01
 0.71757 23 | Cost: 7.482557e-01
 0.73704 24 | Cost: 7.175684e-01
 0.70951
 0.69638 25 | Cost: 7.095126e-01
 0.68856
 0.65787 26 | Cost: 6.885634e-01
 0.65417 27 | Cost: 6.578690e-01
 0.64663
 0.64671 28 | Cost: 6.466342e-01
 0.64093
 0.63501 29 | Cost: 6.409301e-01
 0.62664 30 | Cost: 6.350131e-01
 0.61975 31 | Cost: 6.266406e-01
 0.61160 32 | Cost: 6.197488e-01
 0.60408 33 | Cost: 6.115991e-01
 0.59523 34 | Cost: 6.040787e-01
 0.59116
 0.57397 35 | Cost: 5.911583e-01
 0.55355 36 | Cost: 5.739661e-01
 0.54454
 0.53159 37 | Cost: 5.445414e-01
 0.52592
 0.51890 38 | Cost: 5.259225e-01
 0.51438
 0.50784 39 | Cost: 5.143781e-01
 0.54179 40 | Cost: 5.078398e-01
 0.50551
 0.50166 41 | Cost: 5.055070e-01
 0.49883
 0.49703 42 | Cost: 4.988322e-01
 0.49486
 0.49679 43 | Cost: 4.948607e-01
 0.49327
 0.49073 44 | Cost: 4.932661e-01
 0.48929
 0.48409 45 | Cost: 4.892909e-01
 0.47853 46 | Cost: 4.840896e-01
 0.47636 47 | Cost: 4.785323e-01
 0.63722 48 | Cost: 4.763585e-01
 0.47700
 0.47625
 0.47603
 0.47561
 0.47453
 0.47278
Iteration    50 | Cost: 4.727817e-01